          MJD       m       dm    uJy   duJy     Mask
 57233.373157  19.919    0.855     39     33 0x002000
 57233.409910  19.168    0.478     78     37 0x002000
 57234.372875 -21.423    4.000    -10     39 0x002000
 57320.254883  18.253    0.263    182     48 0xc00a20
 57320.276640  18.667    0.429    124     53 0xd00823
 57320.295913  19.872    1.450     41     59 0xd00a23
 57320.319230 -19.402    0.905    -63     57 0xd00a22
 57328.238159  14.611    0.007   5198     39 0xd00831
 57328.255812  14.569    0.007   5402     39 0xd00831
 57328.271612  17.290    0.089    441     39 0xd00a31
 57328.289305  17.043    0.077    553     43 0xd00a31
 57466.609083  14.804    0.005   4349     21 0xd00831
 57466.625409  15.157    0.007   3143     21 0xd00831
 57466.641722  18.634    0.172    128     22 0xc00b30
 57466.658373 -21.240   14.406    -12    167 0x900002
 57470.553128  16.429    0.611    974    595 0x900002
 57470.566404 -17.325    5.622   -427   2398 0x900002
 57470.579696  19.044    0.852     88     75 0x900002
 57470.591007  18.957    0.670     95     64 0x900002
 57474.644613  22.885   16.143      2     41 0x002000
 57492.531786  14.377    0.005   6446     30 0xd00831
 57492.546771  14.957    0.006   3778     22 0xd00a31
 57492.558065  15.226    0.007   2947     20 0xd00831
 57492.571343  14.931    0.005   3870     20 0xd00831
 57523.492241  18.643    0.390    127     49 0xc00a20
 57523.503665  14.513    0.005   5685     26 0xd00831
 57523.514907  15.386    0.010   2545     25 0xd00931
 57523.525486  14.868    0.005   4102     20 0xd00831
 57523.538728  14.894    0.006   4005     24 0xd00831
 57527.512807  20.442    1.386     24     34 0xd00231
 57527.523844  17.990    0.155    231     36 0xd00221
 57527.535116  21.354    3.522     10     37 0xc00330
 57527.546190  18.650    0.304    126     38 0xc00130
 57527.557816  18.367    0.209    163     34 0xd00a31
 57534.370414  17.075    0.096    537     51 0xd00831
 57534.370897  17.616    0.160    326     52 0xd00831
 57534.371381  17.013    0.091    569     52 0xd00831
 57534.371864  18.471    0.379    148     56 0xd00823
 57534.372347  19.348    0.812     66     54 0xd00832
 57534.372833  17.059    0.083    545     45 0xd00831
 57534.373317  17.376    0.134    407     55 0xd00833
 57534.373800  13.921    0.004   9810     44 0xd00831
 57534.374283  17.928    0.205    245     50 0xd00831
 57534.374767  17.756    0.188    287     54 0xd00833
 57535.478976  14.731    0.006   4649     28 0xd00a31
 57535.490504  14.739    0.006   4618     26 0xd00931
 57535.501815  16.988    0.047    582     27 0xd00b31
 57535.512878  14.463    0.004   5952     27 0xd00831
 57535.523388  14.147    0.004   7965     31 0xd00831
 57914.530063  19.767    0.476     45     21 0x400220
 57914.546969  20.857    1.409     16     23 0x000000
 57914.563058  21.208    1.919     12     23 0x000000
 57914.579132  21.961    4.394      6     26 0x000000
 57914.595072 -21.596    3.076     -8     26 0x000000
 57921.584813  19.272    0.226     71     16 0x002030
 57921.593843  17.644    0.225    318     72 0x500a32
 57921.603282  19.449    0.282     60     17 0x400b30
 57921.612294  20.232    0.685     29     20 0x002000
 57922.543830  16.087    1.251   1334   1668 0x900002
 57925.526407  20.045    0.374     35     13 0x002000
 57925.529366  15.461    0.005   2374     13 0x500831
 57925.538724  15.393    0.004   2528     11 0x500831
 57925.547588  19.597    0.251     53     13 0x400330
 57927.506603  21.307    1.034     11     11 0x400130
 57927.523897  20.366    0.422     26     11 0x400830
 57927.532635  20.605    0.636     21     13 0x400130
 57927.541305  22.627    3.735      3     12 0x082030
 57929.508567  17.940    0.052    242     13 0x500a31
 57929.517973  15.761    0.007   1801     12 0x500b31
 57929.531318  19.750    0.258     46     12 0x400130
 57929.540151  20.089    0.388     33     13 0x002000
 57933.506875  16.098    0.007   1321      9 0x100031
 57933.516728  19.199    0.148     76     11 0x400330
 57933.523143  19.820    0.237     43     10 0x400330
 57933.531977  18.846    0.106    105     11 0x082030
 57937.506912  15.618    0.006   2055     13 0xd00831
 57937.517263  15.199    0.004   3024     12 0xd00a31
 57937.522684  16.281    0.010   1116     11 0xd00831
 57937.534015  15.555    0.006   2177     13 0xd00b31
 57939.511266  22.177    2.750      5     13 0x400220
 57939.512241  20.279    0.564     28     16 0x400210
 57939.530981  22.939    5.815      2     14 0x002000
 57939.533286  20.344    0.658     26     17 0x002000
 57941.489441  19.955    0.546     38     21 0x400210
 57941.498953 -20.676    0.884    -20     17 0x002010
 57941.515733  20.888    1.135     16     18 0x400110
 57941.517700  20.120    0.523     32     17 0x400220
 57943.447851  18.795    1.138    110    125 0x100002
 57943.458124  20.031    0.804     35     28 0x002000
 57943.477549 -17.630    0.716   -322    231 0x100002
 57943.481583 -17.499    1.288   -364    468 0x100002
 57945.505627  20.551    1.035     22     23 0x080020
 57945.515552 -20.712    1.291    -19     24 0x000000
 57945.517028 -20.552    0.882    -22     19 0x000000
 57945.534449 -25.075   73.500      0     25 0x000000
 57949.483847  18.717    0.174    118     21 0x400130
 57949.495211  20.935    1.145     15     18 0x400220
 57949.512790  21.152    1.509     13     19 0x002000
 57949.516187  15.504    0.008   2284     17 0x500931
 57953.466075  15.739    0.007   1838     14 0xd00831
 57953.475350  15.433    0.006   2437     14 0xd00931
 57953.476315  15.677    0.007   1946     13 0xd00831
 57953.492897  15.712    0.006   1884     12 0xd00831
 57955.448400  21.980    2.136      6     12 0x002030
 57957.446585  20.206    0.546     30     16 0x400830
 57957.455846  19.372    0.283     65     18 0x400e30
 57957.474384  15.128    0.005   3228     15 0x500931
 57957.476811  19.319    0.240     68     16 0x082030
 57959.449668 -20.873    0.924    -16     15 0x000000
 57959.459055 -20.546    0.628    -22     14 0x000000
 57959.483667 -21.838    1.623     -7     11 0x000000
 57959.485614  21.049    0.927     14     13 0x000030
 57963.460823  21.828    1.884      7     13 0x400110
 57963.470227 -21.377    1.342    -10     14 0x002000
 57963.471202  22.730    4.281      3     13 0x002000
 57963.488912  19.508    0.217     57     12 0x400110
 57965.445573  16.042    0.009   1390     13 0x500831
 57965.455464  19.593    0.249     53     13 0x400830
 57965.456436  19.469    0.258     59     15 0x002030
 57965.473549  19.982    0.386     37     14 0x082030
 57967.428500 -22.832    4.966     -3     13 0x000000
 57967.438315  19.503    0.255     57     15 0x001000
 57967.457533 -19.987    0.525    -37     19 0x000000
 57967.459487  20.451    1.035     24     25 0x000000
 57969.428560  18.834    0.162    106     17 0x400110
 57969.437888  19.031    0.221     89     20 0x400220
 57969.456969 -20.811    1.067    -17     18 0x002000
 57969.458435  19.792    0.422     44     19 0x400220
 57972.417294 -20.687    2.054    -19     40 0x000000
 57972.427042  19.722    0.581     47     27 0x000000
 57972.428014  23.209   14.250      2     27 0x000000
 57972.429000  20.463    1.101     24     26 0x000000
 57974.419478  22.855    8.067      3     21 0x000010
 57974.439270  23.316   14.900      2     26 0x000000
 57974.440806  23.133   11.583      2     24 0x000000
 57974.459016  20.501    1.015     23     23 0x000000
 57976.457119  20.186    3.680     31    113 0x900002
 57978.439812 -19.651    0.343    -50     17 0x400130
 57978.440327 -20.695    0.829    -19     16 0x002030
 57978.442376  20.834    1.000     17     17 0x400130
 57978.457951 -21.041    1.266    -14     18 0x002000
 57980.399767  20.932    1.084     15     17 0x000030
 57980.408592  22.087    2.076      5     11 0x000000
 57980.427806  21.793    1.458      7     10 0x000000
 57980.429769  24.816   21.600      0      9 0x400220
 57982.402563  15.669    0.008   1960     15 0x100031
 57982.412924  18.346    0.082    166     14 0x400130
 57982.432707  15.747    0.008   1825     14 0x500131
 57982.435820  18.675    0.128    123     16 0x002030
 57990.389547  15.709    0.007   1889     13 0x900031
 57990.399074  15.949    0.009   1515     13 0xd00b31
 57990.418728  15.951    0.009   1512     14 0xd00831
 57990.420748  15.574    0.006   2141     13 0xd00831
 57992.375117 -20.789    0.750    -18     13 0x080010
 57992.392641 -23.796   13.182     -1     14 0x000000
 57992.395504  21.180    0.718     12      9 0x000000
 57992.410772  20.996    0.748     14     11 0x400110
 57996.387573  23.265   10.750      2     19 0x000000
 57996.407047 -21.999    2.673     -6     15 0x000000
 57996.410103 -26.248  156.000      0     18 0x000000
 57996.424449  19.582    0.270     53     14 0x001000
 57998.360502  19.687    0.410     48     20 0x000000
 57998.378137  20.468    0.954     24     22 0x000030
 57998.378636  19.677    0.442     49     22 0x400230
 57998.379639  20.327    0.811     27     22 0x000020
 57998.380147  18.771    0.222    113     25 0x400330
 57998.382168 -20.696    1.152    -19     22 0x000000
 57998.383154  20.443    0.956     24     23 0x400330
 57998.398256  20.078    0.683     34     23 0x400220
 58000.378476 -19.931    0.842    -39     33 0x002000
 58000.378938  17.891    3.161    253    800 0x500832
 58000.379401 -20.295    0.794    -28     22 0x400110
 58002.329351  19.662    0.634     50     31 0x000000
 58002.346874  20.450    1.509     24     36 0x000000
 58002.347344  19.743    1.104     46     51 0x000000
 58002.358645  18.304    0.595    173    103 0x100002
 58002.360057 -16.136    0.803  -1276   1024 0x500812
 58004.318722 -20.623    1.154    -20     24 0x400130
 58004.336364 -19.334    0.326    -67     22 0x080030
 58004.346141 -19.975    0.553    -37     21 0x080030
 58004.347054 -21.367    2.349    -10     24 0x000030
 58010.324072  18.945    0.141     96     14 0x082030
 58010.332879  15.830    0.006   1691     10 0x500831
 58010.341670  15.652    0.006   1991     11 0x500831
 58010.343045  15.910    0.008   1571     13 0x500831
 58010.343968  18.859    0.144    104     15 0x400830
 58010.344428  20.093    0.383     33     13 0x400230
 58010.345345  16.339    0.011   1058     12 0x500e31
 58010.358453  16.024    0.010   1414     14 0x500831
 58014.312628  20.762    0.851     18     15 0x400130
 58014.321402  15.615    0.007   2061     14 0x500831
 58014.337116 -20.956    0.972    -15     15 0x002020
 58014.338033  15.806    0.009   1728     15 0x100031
 58022.302641  20.263    0.641     28     18 0x082010
 58022.319695  20.385    0.640     26     16 0x400230
 58022.321069  20.781    1.000     18     18 0x400330
 58022.321528  18.851    0.148    105     15 0x500331
 58022.322444  19.232    0.219     74     16 0x400230
 58022.323360  15.111    0.005   3277     17 0x500831
 58022.337719  20.413    0.728     25     18 0x400220
 58022.341389  19.638    0.355     51     18 0x400330
 58026.338611  20.651    0.977     20     20 0x400220
 58026.354439 -19.425    0.347    -62     21 0x002000
 58026.358564  19.968    0.528     37     20 0x400220
 58026.373017 -23.027    9.889     -2     22 0x002000
 58028.327226  21.814    3.113      7     21 0x000000
 58028.334865 -20.160    0.789    -31     25 0x000000
 58028.339460 -22.007    3.917     -6     22 0x000000
 58028.351102  17.970    1.675    236    394 0x100002
 58028.356128  15.556    0.455   2176    989 0x100002
 58028.357041 -18.726    0.847   -117    100 0x100002
 58028.370588 -21.904    4.120     -6     26 0x080010
 58030.312941  23.109   12.667      2     26 0x000000
 58030.327732  20.419    1.208     25     30 0x400110
 58030.330502  19.243    0.373     73     27 0x000000
 58030.332830 -19.078    0.333    -85     28 0x001000
 58034.307225  16.969    1.832    592   1085 0x900002
 58034.324404  15.542    7.986   2203  17594 0x900002
 58034.326297  15.298    2.818   2760   7778 0x900002
 58036.337913 -20.678    0.681    -19     13 0x000030
 58036.352729  19.290    0.220     70     15 0x081030
 58036.354099  20.209    0.642     30     19 0x080010
 58036.360525 -21.309    1.539    -11     17 0x000000
 58038.306380  19.853    0.444     42     18 0xc00220
 58038.319893  17.756    0.211    287     60 0xd00832
 58038.325508  14.656    0.005   4983     24 0xd00931
 58038.335844  13.732    0.005  11669     54 0xd00833
 58040.316988 -19.598    0.359    -53     19 0x080030
 58040.324904 -20.921    1.213    -16     19 0x000030
 58040.327187 -19.517    0.348    -57     20 0x000000
 58040.340817 -20.273    0.800    -28     23 0x000000
 58042.304645  21.813    2.679      7     18 0x400330
 58042.307855  15.781    0.008   1769     14 0x500831
 58042.319118  15.527    0.007   2235     15 0x500831
 58042.326931  20.195    0.595     30     18 0x082030
 58046.291992  18.470    0.145    149     22 0x400330
 58046.301815  21.127    1.288     13     17 0x400220
 58046.307835  19.901    0.475     40     19 0x002000
 58046.317667  15.174    0.005   3094     16 0x500831
 58054.280695  19.426    0.388     62     24 0x400220
 58054.288166  19.122    0.259     82     21 0x400220
 58054.295678  18.609    0.211    131     28 0x400220
 58054.296628  21.889    3.609      6     23 0x002000
 58054.298003  20.529    1.385     22     31 0x400330
 58054.301686  21.707    3.000      8     23 0x002000
 58054.311516  19.360    0.390     66     26 0x400110
 58054.318405  21.035    1.902     14     27 0x400330
 58056.292867  19.485    0.278     58     16 0x001000
 58056.304295 -20.910    1.020    -16     16 0x000000
 58056.307945  20.968    1.295     15     19 0x080010
 58056.318862 -20.474    0.829    -24     19 0x000000
 58060.286602  23.980   42.875      1     40 0x000000
 58060.291724  19.349    0.653     66     43 0x000000
 58060.303996 -21.556    5.689     -9     49 0x000000
 58060.313161  22.579   13.034      3     44 0x000000
 58062.277711  20.109    0.910     33     30 0x000000
 58062.283392  19.549    0.545     55     30 0x000000
 58062.289452  20.016    0.887     36     32 0x000000
 58062.295136  20.136    1.014     32     32 0x000000
 58064.283712  22.878    7.923      3     20 0x000000
 58064.292259 -21.225    1.491    -12     18 0x000000
 58064.301341  22.354    5.220      4     22 0x000000
 58064.313617 -22.026    2.979     -6     17 0x000000
 58066.263880  17.454    1.486    379    563 0x500832
 58066.270808  19.981    0.585     37     22 0x500111
 58066.276327 -20.488    0.885    -23     20 0x080010
 58066.278650 -21.689   10.500     -8     80 0x500832
 58066.279567  21.992    3.000      6     17 0x000000
 58066.283759  19.810    0.444     43     19 0x400220
 58066.286109  19.568    0.397     54     22 0x400330
 58066.287025 -22.821    7.615     -3     21 0x000000
 58066.292258 -20.771    1.217    -18     22 0x080030
 58066.292715  20.390    0.775     25     20 0x080010
 58066.300976 -20.088    0.662    -34     22 0x080010
 58066.301893  22.982    9.900      2     23 0x400330
 58068.268874  14.424    0.003   6171     18 0x500131
 58068.276748 -20.863    1.577    -16     26 0x000030
 58068.280498  17.165    0.050    494     24 0x180031
 58068.285195 -20.222    1.541    -30     46 0x080010
 58068.288577  19.453    0.496     60     30 0x000030
 58068.293259  14.998    0.006   3637     23 0x180011
 58068.297132 -19.048    0.423    -87     37 0x000030
 58068.308832  19.089    0.645     84     54 0x100002
 58074.258961 -20.730    0.922    -18     17 0x002020
 58074.266862  19.741    0.330     46     15 0x400130
 58074.269181  17.664    0.056    312     18 0x500a31
 58074.274718  21.132    1.375     13     18 0x400220
 58074.277059  14.834    0.005   4229     19 0x500831
 58074.282621  19.531    0.367     56     20 0x400220
 58074.284460  19.811    0.420     43     18 0x082030
 58078.251144  19.251    0.245     72     18 0x500231
 58078.258541  16.725    0.028    742     20 0x500931
 58078.262243 -19.393    0.254    -64     16 0x400110
 58078.265932  18.259    0.093    180     17 0x400330
 58078.269179  22.515    4.375      4     16 0x002000
 58078.273331  21.620    1.909      8     16 0x500331
 58078.277107  20.760    0.949     18     17 0x400930
 58078.284596 -20.055    0.640    -34     22 0x002020
 58082.265767  14.814    0.266   4310   1146 0xd00832
 58082.273663  15.712    1.039   1885   1959 0xd00a12
 58082.281048  15.963    0.911   1496   1363 0xd00932
 58082.288978  20.837    4.214     17     71 0x900002
 58091.233788  21.318    6.426     11     69 0x900002
 58091.242313  21.029    5.989     14     84 0x900002
 58091.250246 -20.891    5.108    -16     82 0x900002
 58091.258762  18.722    0.785    118     92 0x900002
 58094.243417  20.058    0.579     34     20 0x002000
 58094.250864 -21.828    2.920     -7     20 0x400220
 58094.258307  19.383    0.296     64     19 0x500221
 58094.265718 -20.570    0.885    -22     19 0x002000
 58096.242400  14.328    0.004   6739     27 0x500831
 58096.251571  14.842    0.006   4199     23 0x500831
 58096.254797  22.364    6.125      4     25 0x082030
 58096.258987  14.276    0.003   7074     24 0x500a31
 58096.262212  18.048    0.127    219     28 0x100031
 58096.266420  14.955    0.006   3786     22 0x500a31
 58096.270104  18.819    0.269    108     29 0x400830
 58096.278532  17.627    0.089    323     29 0x500a31
 58098.237619  20.631    1.164     20     24 0x080010
 58098.244517  19.710    0.596     47     28 0x400220
 58098.246862  15.534    0.008   2221     19 0x500131
 58098.251953  19.075    0.252     85     21 0x400130
 58098.254304  19.334    0.364     67     24 0x500231
 58098.261941  20.568    1.206     22     26 0x000000
 58098.269406 -20.029    1.000    -35     35 0x080030
 58102.233090  19.196    0.371     76     28 0xc00220
 58102.240955 -22.406    6.600     -4     26 0xc00220
 58102.247013  20.021    0.714     36     25 0xc00220
 58102.249794  19.258    0.340     72     24 0xc00220
 58102.255819  17.786    0.103    279     29 0xd00a31
 58110.194127  18.640    0.703    127     89 0x100002
 58110.198857  19.681    0.847     49     41 0x400110
 58110.205821  21.694    2.964      8     23 0x400110
 58110.214695  19.641    0.371     50     19 0x400130
 58110.223568  18.935    0.204     97     20 0x082030
 58110.232421  18.489    0.146    146     21 0x400230
 58112.206540 -19.550    1.015    -55     56 0x500112
 58112.215371  20.512    1.476     23     33 0x002010
 58112.229978  19.609    0.405     52     21 0x400130
 58112.239028  20.151    0.824     32     26 0x082030
 58112.246895  17.397    0.060    399     24 0x500131
 58112.254822  21.135    2.200     13     28 0x400110
 58114.199645  17.621    0.284    325     92 0xd00a32
 58114.200102  18.143    0.378    201     76 0x900002
 58114.201999  18.212    1.664    188    314 0xd00a22
 58122.200757  17.330    0.550    425    234 0x100002
 58122.206812 -18.773    0.282   -112     32 0x002000
 58122.215156  18.748    0.239    115     27 0x400130
 58206.602529  20.745    1.833     18     34 0x000000
 58206.611547 -21.112    2.390    -13     31 0x000000
 58206.620639  19.314    0.410     68     28 0x000000
 58206.629243  21.000    1.633     14     24 0x500221
 58206.651522  18.251    3.386    182    615 0x100002
 58208.520081 -18.984    0.743    -92     69 0x900002
 58208.526235 -19.320    0.934    -68     63 0x900002
 58208.532260 -18.334    0.371   -168     62 0x900002
 58208.538301 -19.799    1.415    -44     62 0x900002
 58214.644147  19.407    1.122     63     70 0x900002
 58220.634298  20.184    0.620     31     19 0x002000
 58220.643196  18.946    0.946     96     91 0x100002
 58232.609152 -19.947    0.516    -38     20 0x400130
 58232.618223 -20.431    0.744    -24     18 0x400210
 58232.618679  22.327    4.256      4     18 0x002000
 58232.627310 -19.178    0.296    -77     23 0x400130
 58232.627766  22.486    5.912      4     22 0x002000
 58232.636384  19.928    2.940     39    114 0x100002
 58232.636840  19.124    1.082     81     88 0x100002
 58234.598843  14.972    0.006   3725     22 0x500831
 58234.607217 -21.621    2.676     -8     22 0x003000
 58234.615286  16.182    0.174   1223    213 0x500a33
 58234.616268  18.616    0.329    130     43 0x082010
 58234.624452  16.427    0.375    976    366 0x500a22
 58234.625424 -16.582    1.246   -846   1054 0x100002
 58234.633550  19.986    2.345     37     86 0x100002
 58244.594444  17.591    0.640    334    214 0x900002
 58244.603411  18.112    1.149    207    237 0x900002
 58244.611591 -16.138    1.805  -1272   2296 0xd00812
 58244.612532  15.908    0.888   1574   1398 0x900002
 58244.620522 -17.099    1.246   -525    655 0x900002
 58244.621459 -16.747    1.545   -727   1123 0x900002
 58246.602072 -25.472   78.000      0     18 0x002000
 58246.611806  19.922    0.510     39     20 0x002000
 58246.613601  15.237    0.009   2919     26 0x500831
 58246.621391  17.032    0.320    559    179 0x500b32
 58246.622926  17.002    0.398    574    229 0x100002
 58248.592560 -20.916    1.797    -16     28 0x080010
 58248.601632 -19.761    0.777    -45     35 0x000000
 58248.610706  19.336    0.600     67     40 0x000000
 58248.619699  22.513   10.947      4     39 0x000000
 58250.579240  20.364    0.822     26     21 0x002000
 58250.587601  15.170    0.006   3106     17 0x500831
 58250.596118 -21.720    2.310     -7     17 0x100001
 58250.604552  19.084    0.229     84     19 0x400330
 58262.557296  20.392    0.583     25     15 0x082010
 58262.568379  15.930    0.007   1542     11 0x500831
 58262.579289  18.258    0.073    181     13 0x500231
 58262.589007  15.368    0.005   2587     14 0x100031
 58262.623880 -20.438    2.775    -24     67 0x100002
 58264.552868 -20.922    9.714    -16    151 0x100002
 58264.556901  20.522    2.124     22     48 0x400210
 58264.563535 -21.621    3.878     -8     32 0x080010
 58264.567251  18.310    0.136    172     23 0x001000
 58264.574014  14.751    0.005   4568     21 0x100031
 58264.575059  20.045    0.947     35     33 0x000030
 58264.578174  19.531    0.730     56     41 0x000000
 58264.584936  18.141    1.211    201    243 0x100002
 58264.585967 -15.719    0.436  -1872    817 0x100002
 58264.589091 -16.593    0.764   -837    640 0x100002
 58264.597283  18.587    3.463    133    462 0x100002
 58264.608105 -19.414    0.692    -62     43 0x000000
 58266.547003  19.226    0.353     74     26 0x000000
 58266.555386  19.126    0.339     81     28 0x000000
 58266.563271  23.143   13.444      2     27 0x000000
 58266.571582  18.794    0.217    110     24 0x080010
 58268.534479  13.458    0.626  15031   9403 0x900002
 58270.534521  20.436    3.024     24     73 0x900002
 58270.546724  14.659    5.985   4971  29753 0x900002
 58270.556654  16.636    1.799    805   1448 0x900002
 58270.557581  16.331    0.907   1066    966 0x900002
 58270.567842  17.312    1.076    432    464 0x900002
 58270.568953   0.000   17.606      0    330 0x900002
 58270.578711  17.618    1.285    326    419 0x900002
 58270.588673 -22.515   16.615     -4     60 0x900002
 58272.563969 -20.324    0.616    -27     17 0x000000
 58272.574966  20.649    2.357     20     47 0x000000
 58272.576353 -19.610    0.408    -52     21 0x400220
 58272.586395  20.348    0.650     26     17 0x000000
 58272.597443  19.937    0.424     38     16 0x000030
 58274.541118 -20.065    0.542    -34     18 0x002000
 58274.544215 -18.775    0.324   -112     36 0x500831
 58274.553179  18.738    0.173    116     20 0x500131
 58274.564872  18.580    0.135    134     18 0x500331
 58274.576224 -20.650    0.886    -20     18 0x002000
 58278.527831  18.129    0.084    203     17 0x400830
 58278.534777  19.070    0.185     86     16 0x400230
 58278.537130  17.984    0.078    233     18 0x500a31
 58278.544489  18.820    0.206    108     22 0x500a31
 58278.544950 -20.600    1.123    -21     24 0x002000
 58278.547855  15.658    0.009   1981     18 0x500a31
 58278.555740  18.269    0.121    179     22 0x500a31
 58278.556417  18.154    0.108    199     21 0x500a31
 58278.559068  17.882    0.075    255     19 0x500831
 58278.567126  19.156    0.293     79     23 0x400330
 58278.567752  19.445    0.341     60     21 0x400220
 58282.539605  15.126    0.004   3234     14 0xd00931
 58282.547081  18.471    0.105    148     16 0xd00931
 58282.549420  16.042    0.010   1391     13 0xd00331
 58282.556910  15.619    0.006   2053     13 0xd00831
 58282.559275  19.239    0.198     73     14 0xc00930
 58282.566722  18.030    0.068    223     15 0xd00b31
 58282.568587  15.755    0.009   1811     16 0xd00831
 58282.576058  17.801    0.055    275     15 0xd00a31
 58286.531275  15.083    0.005   3362     16 0xd00931
 58286.541201  15.769    0.009   1788     16 0xd00831
 58286.552344  16.108    0.011   1309     15 0xd00c31
 58286.563268  15.556    0.007   2176     14 0x900031
 58288.535140 -22.586    4.219     -3     14 0x080030
 58288.547290 -21.019    1.213    -14     17 0x000030
 58288.557126 -23.137    6.000     -2     12 0x000030
 58288.566896  20.680    0.668     19     13 0x000030
 58290.506077  15.062    0.005   3430     18 0xd00831
 58290.506535  14.266    0.003   7137     20 0xd00831
 58290.517087  22.611    5.000      3     16 0xc00a30
 58290.519914  15.225    0.005   2952     16 0xd00831
 58290.527966  15.284    0.005   2795     14 0xd00831
 58290.531329  14.952    0.005   3795     17 0xd00a31
 58290.539681  15.635    0.009   2023     17 0xd00831
 58290.550810 -19.095    0.256    -84     21 0xc00a30
 58292.517895  19.030    0.177     89     16 0x801030
 58292.518352  20.031    0.469     35     16 0x800030
 58292.528935  23.937   11.600      1     11 0x880030
 58292.532657  19.016    0.177     90     16 0x881030
 58292.538765  20.144    0.467     32     15 0x880030
 58292.542493  19.740    0.270     46     12 0x880010
 58292.548819 -20.575    0.524    -21     11 0xc00110
 58292.552989  20.767    0.708     18     13 0x800000
 58294.491572  18.617    0.180    130     23 0x400210
 58294.508759 -19.800    0.611    -44     27 0x000000
 58294.512477  19.026    0.253     89     22 0x081030
 58294.519726 -20.883    1.343    -16     22 0x080010
 58294.523409  14.159    0.003   7881     24 0x500831
 58294.531032  22.661    7.385      3     23 0x400330
 58294.534899  21.075    1.918     14     26 0x000000
 58294.546208  19.897    0.573     40     23 0x400220
 58296.564966 -20.640    1.360    -20     27 0x800000
 58296.565422  18.856    0.222    104     23 0x800000
 58296.566574 -22.212    6.314     -5     30 0x800000
 58296.576913  19.477    0.552     59     32 0xc00330
 58296.578568  19.096    0.298     84     25 0x880010
 58296.588697  21.242    1.816     12     21 0xc00110
 58296.589611  19.775    0.698     45     31 0x800000
 58296.599727  18.521    0.185    142     26 0xc00110
 58298.466448  20.961    2.188     15     33 0x002000
 58298.479077  21.329    3.160     11     34 0x002000
 58298.490169 -22.323    7.588     -4     32 0x400220
 58298.498076  19.427    0.584     62     36 0x400220
 58300.499369  17.773    6.106    282   1724 0x100002
 58300.515823 -19.382    0.720    -64     46 0x002000
 58300.519986 -20.158    0.602    -31     19 0x002000
 58310.480670  15.901    0.009   1584     14 0xd00831
 58310.489586  18.047    0.070    219     15 0x980031
 58310.490045  15.949    0.008   1516     13 0xd00b31
 58310.490966  18.198    0.084    191     16 0xd00831
 58310.491427  15.271    0.006   2829     17 0xd00931
 58310.505904  18.641    0.142    127     18 0xd00b31
 58310.506364  15.329    0.006   2680     16 0xd00831
 58310.510516  22.356    8.474      4     35 0xc00830
 58318.448633  15.657    0.007   1982     14 0xd00831
 58318.464968  15.135    0.005   3206     15 0xd00831
 58318.468654  16.026    0.009   1411     13 0xd00831
 58318.482656  17.942    0.056    242     14 0xd00b31
 58318.484502  18.488    0.188    146     28 0xd00811
 58320.457180  23.721   17.333      1     20 0x000000
 58320.475276  18.608    1.605    131    210 0x100002
 58320.478980  19.294    2.145     70    149 0x100002
 58320.491914  19.511    3.470     57    198 0x100002
 58320.493379  20.327    2.229     27     60 0x500832
 58320.497529  17.580    0.453    337    153 0x100002
 58320.510828  19.394    0.556     63     35 0x000000
 58320.518694 -21.009    1.342    -14     19 0x000000
 58322.452236  19.340    0.258     67     17 0x080010
 58322.468164  19.323    0.277     68     19 0x080010
 58322.468625 -20.973    1.377    -15     20 0x400830
 58322.472774 -20.146    0.655    -32     21 0x081030
 58324.454364 -18.575    0.761   -135    103 0x500b22
 58324.456193  19.202    2.659     76    201 0x100002
 58324.471664  18.200    2.823    190    538 0x500822
 58324.473037 -19.002    2.573    -91    234 0x100002
 58324.474410  20.779    2.065     18     37 0x000000
 58324.476265  19.631    0.736     51     38 0x000000
 58324.489880 -20.278    0.940    -28     26 0x000000
 58324.494938  19.964    0.782     38     29 0x000000
 58328.419119 -20.498    1.045    -23     24 0x000000
 58328.419576 -21.175    1.894    -12     23 0x000000
 58328.420033  20.395    1.089     25     28 0x000000
 58328.420490  14.980    0.005   3698     18 0x180011
 58328.421406  22.690    7.133      3     22 0x000000
 58328.436260  21.134    2.023     13     26 0x400110
 58328.437174 -20.637    1.097    -20     22 0x000000
 58328.437632 -21.517    2.782     -9     25 0x000000
 58328.440635 -20.297    0.982    -28     27 0x000000
 58328.441093  20.209    0.687     30     21 0x000000
 58328.441550 -21.460    2.125    -10     20 0x000000
 58328.455348 -20.980    1.685    -15     25 0x000000
 58330.458054  21.157    1.978     12     25 0x000000
 58330.459896 -20.082    0.954    -34     32 0x000000
 58330.460818  20.265    0.990     28     28 0x000000
 58330.475349  20.353    0.931     26     24 0x000000
 58334.446199  17.009    0.150    571     86 0xd00a33
 58334.456438  17.985    0.379    232     88 0xd00a32
 58334.472797  18.014    0.290    226     66 0x900002
 58334.475559  18.731    1.123    117    131 0x900002
 58338.433111  17.471    0.043    373     16 0xd00a31
 58338.441567  15.027    0.005   3542     17 0xd00931
 58338.442028  14.752    0.004   4561     19 0x900031
 58338.443407  15.608    0.008   2075     17 0xd00931
 58338.443867  15.694    0.009   1915     17 0xd00831
 58338.445255  14.230    0.003   7381     24 0xd00931
 58338.458506  15.069    0.006   3407     21 0xd00831
 58338.458965  15.211    0.007   2990     21 0xd00831
 58338.463577  14.547    0.004   5511     23 0xd00831
 58342.421116  15.427    0.006   2450     14 0xd00931
 58342.422038  15.998    0.006   1448      9 0xd00831
 58342.437887  15.563    0.006   2161     12 0xd00931
 58342.443421  15.595    0.006   2099     13 0xd00831
 58348.414520  20.519    0.698     22     16 0x002030
 58348.424746  15.945    0.008   1521     12 0x180031
 58348.440246  18.806    0.122    109     13 0x400220
 58348.445799 -22.629    3.515     -3     11 0x082010
 58352.415748  20.121    1.850     32     60 0x100002
 58352.424574  20.431    2.364     24     58 0x100002
 58352.426405 -22.372    8.276     -4     34 0x002000
 58352.441410  19.501    1.453     58     84 0x100002
 58360.390444  17.490    0.061    366     22 0x100001
 58360.398396  21.262    1.575     11     18 0x400110
 58360.398852  14.860    0.004   4130     15 0x100001
 58360.399310 -21.101    1.787    -13     24 0x000000
 58360.400225  21.180    1.583     12     19 0x000000
 58360.400683 -19.694    0.464    -48     22 0x000000
 58360.414754 -20.391    0.819    -25     21 0x080010
 58360.416127  20.277    0.746     28     21 0x000000
 58360.416584  19.813    0.593     43     26 0x000000
 58360.421171  18.053    0.095    218     21 0x001000
 58360.421629  20.426    0.794     24     20 0x000000
 58360.422543 -20.070    0.528    -34     18 0x080030
 58362.381034  21.472    2.387      9     22 0xc00330
 58362.390795  17.966    0.076    236     18 0xd00c31
 58362.391256  20.196    0.654     30     20 0x980031
 58362.406636  17.738    0.074    292     22 0xd00a31
 58362.407097  22.506    5.467      4     20 0xc00230
 58362.410825  15.477    0.006   2339     15 0xd00931
 58362.411285  20.121    0.707     32     23 0xc00220
 58362.424468  20.220    0.616     30     18 0xc00230
 58364.382085  15.712    0.007   1884     14 0x100031
 58364.398370 -21.280    1.216    -11     14 0x002000
 58364.398826  14.374    0.002   6463     14 0x100031
 58364.400200  15.768    0.007   1790     13 0x100031
 58364.401115  15.488    0.006   2317     14 0x100031
 58364.402945 -20.518    1.244    -22     28 0x002000
 58366.373032  16.023    0.010   1416     14 0x500831
 58366.374414  15.461    0.006   2375     15 0x500931
 58366.390764  19.308    0.236     69     16 0x400130
 58366.394908 -22.886    5.455     -2     14 0x002000
 58368.375613 -22.402    3.870     -4     15 0x000000
 58368.392806  21.009    1.043     14     15 0x000000
 58368.393263  21.694    2.329      8     18 0x000000
 58368.395095  19.960    0.352     38     13 0x000000
 58368.396008  21.597    1.795      8     15 0x080010
 58368.411520  15.861    0.015   1643     24 0x180011
 58368.411978  15.224    0.333   2955    985 0x500a32
 58368.415645  14.812    0.005   4317     20 0x100031
 58372.373135  22.336    3.939      4     17 0x080030
 58372.374049 -22.221    2.157     -5     10 0x000000
 58372.389882  21.067    0.979     14     13 0x000000
 58372.391254 -20.553    0.620    -22     14 0x000000
 58372.393084 -21.004    1.137    -14     16 0x000000
 58372.393999  23.292   10.143      2     18 0x080030
 58372.395370  21.698    1.930      8     15 0x080010
 58372.408459 -21.162    1.028    -12     13 0x000010
 58374.372512  15.470    0.006   2356     15 0x500831
 58374.373892  20.644    0.784     20     16 0x400230
 58374.374352  19.390    0.270     64     17 0x400220
 58374.375272  15.704    0.008   1898     14 0x500831
 58374.389305  17.123    0.036    514     18 0x500a31
 58374.390686  15.097    0.005   3319     18 0x500831
 58374.391147 -20.199    0.583    -30     18 0x082030
 58374.394369  18.950    0.167     96     16 0x400130
 58374.394830  15.819    0.009   1708     16 0x500831
 58374.408425 -20.093    0.484    -33     16 0x400320
 58378.353395  20.368    0.790     26     20 0x000000
 58378.361793  13.983    0.003   9264     25 0x500831
 58378.363175  18.778    0.198    112     22 0x400830
 58378.363636 -21.629    2.531     -8     20 0x000000
 58378.364097  17.153    0.041    500     20 0x500831
 58378.377679  20.939    1.270     15     19 0x000000
 58378.378600  19.156    0.252     79     20 0x500221
 58378.379061  19.088    0.328     84     28 0x400b30
 58378.379984  14.963    0.005   3756     20 0x500831
 58378.383665  14.698    0.005   4797     23 0x500231
 58380.367033 -17.920    0.689   -247    170 0x100002
 58380.367948 -19.634    2.602    -51    132 0x100002
 58380.383788  20.492    1.642     23     38 0x002010
 58380.388361  15.179    0.005   3079     17 0x100001
 58382.342295  19.874    0.503     41     20 0x000000
 58382.344599  19.752    0.434     46     20 0x000000
 58382.359993  21.599    3.054      8     25 0x000000
 58382.361375  20.768    1.659     18     30 0x400220
 58382.362756 -21.580    2.442     -8     21 0x080030
 58382.364137  21.148    1.708     13     22 0x000030
 58382.365058  18.907    0.229     99     23 0x400220
 58382.378169  18.742    0.195    116     22 0x400130
 58384.333543  15.924    7.392   1550  11456 0x900002
 58384.348935 -20.279    5.205    -28    146 0x900002
 58384.353509 -19.034    1.635    -88    144 0x900002
 58384.366593  19.092    1.576     84    132 0x900002
 58386.327523 -19.491    0.581    -58     34 0x800000
 58386.337359  19.730    0.673     46     31 0x800000
 58386.353781 -19.708    0.684    -48     32 0x880010
 58386.357460  19.024    0.359     89     32 0x800000
 58390.334376  20.836    1.207     17     20 0xc00130
 58390.351617 -20.984    1.833    -15     27 0xc00110
 58390.355306  14.632    0.010   5094     52 0xd00831
 58390.368457  14.411    0.006   6247     37 0xd00831
 58392.341685  24.008   14.500      1     13 0x002030
 58392.342599  15.538    0.004   2212     10 0x100031
 58392.357949 -21.007    0.942    -14     14 0x082030
 58392.362978  20.314    0.444     27     12 0x400130
 58394.331977  21.031    1.097     14     15 0xc00330
 58394.332899  15.713    0.008   1883     16 0xd00831
 58394.348334  18.190    0.096    192     18 0xd00a31
 58394.353399  15.721    0.007   1869     14 0xd00831
 58402.302393  22.430    4.687      4     18 0x400110
 58402.310799  19.890    0.460     40     18 0x082030
 58402.327609  15.256    0.007   2868     19 0x500831
 58402.330842  19.581    0.342     53     18 0x002000
 58408.311506 -23.778   14.091     -1     16 0x000000
 58408.327368  22.660    5.964      3     19 0x000000
 58408.333784 -20.439    0.718    -24     17 0x000000
 58408.344107  20.069    0.563     34     19 0x080010
 58412.288058  20.363    0.716     26     19 0x000000
 58412.297019 -21.744    3.079     -7     22 0x000000
 58412.298854 -22.003    3.400     -6     20 0x080010
 58412.309227  19.452    0.405     60     24 0x000000
 58414.281900  19.701    0.678     48     32 0x000000
 58414.286562  20.269    1.068     28     30 0x000000
 58414.289813 -23.201   19.125     -2     36 0x000000
 58414.291197  18.589    0.449    133     60 0x100003
 58414.291657  19.815    0.722     43     31 0x400220
 58414.294433  19.679    0.706     49     34 0x400110
 58414.302865  20.299    1.009     28     28 0x080010
 58416.260144 -20.953    1.220    -15     18 0x000000
 58416.262432  20.212    0.862     30     26 0x000000
 58416.268948  17.244    0.049    460     23 0x100001
 58416.269405  20.216    0.739     30     22 0x000000
 58416.276370 -20.147    0.711    -32     22 0x000000
 58416.279587 -21.005    1.730    -14     25 0x000000
 58416.282836  20.948    1.594     15     24 0x000000
 58416.294443  19.419    0.508     62     32 0x000000
 58430.257787  18.088    0.086    211     18 0xd00931
 58430.265211  19.686    0.398     48     19 0xc00c30
 58430.272690  14.896    0.004   3994     17 0xd00831
 58430.278280  15.706    0.009   1894     16 0xd00831
 58434.264071 -20.073    0.489    -34     17 0x002000
 58434.272002  17.693    0.056    304     17 0x500c31
 58434.279932  20.085    0.434     34     15 0x002000
 58434.290070  19.986    0.563     37     21 0x400220
 58438.253391 -16.853    0.869   -659    572 0x100002
 58438.260824  19.100    0.615     83     51 0x002020
 58438.267835  17.483    0.203    369     75 0x500a32
 58438.274374  18.043    1.671    220    368 0x100002
 58442.243122  20.048    0.819     35     28 0x000000
 58442.250583  19.292    0.493     70     34 0x000000
 58442.254783  20.177    1.015     31     31 0x000000
 58442.258009  22.935   14.100      2     34 0x000000
 58442.261770 -20.045    0.925    -35     32 0x000000
 58442.265014 -20.595    1.462    -21     31 0x000000
 58442.268742  19.016    0.303     90     27 0x000000
 58442.274314 -19.764    0.723    -45     33 0x000000
 58446.257297  20.171    1.269     31     39 0x000000
 58446.264396  20.215    1.272     30     38 0x000000
 58446.264858 -20.106    1.054    -33     35 0x080010
 58446.277316  21.512  103.667      9    936 0x100002
 58450.245159  18.743    0.187    116     22 0xc00220
 58450.253062  21.199    1.625     12     20 0xc00220
 58450.260532  18.614    0.162    130     21 0xd00b31
 58450.260993  19.141    0.274     80     22 0xc00220
 58450.267949  18.383    0.128    161     21 0xd00221
 58450.275875  15.271    0.008   2829     22 0xd00a31
 58452.253219 -21.602    1.866     -8     16 0x000000
 58452.261172  21.971    2.678      6     16 0x000000
 58452.269069  19.663    0.313     50     16 0x000030
 58452.276977  21.050    1.169     14     16 0x000000
 58454.240826  16.285    0.012   1112     13 0x500831
 58454.249224  20.147    0.496     32     16 0x400220
 58454.258063  15.804    0.008   1731     14 0x500931
 58454.265034  21.027    1.066     14     15 0x002030
 58458.254978  21.270    1.128     11     13 0x002000
 58458.263316  15.624    0.006   2044     12 0x500931
 58458.270693  15.777    0.007   1776     13 0x500a31
 58458.278577  15.480    0.006   2333     13 0x500831
 58462.236304  15.504    0.006   2282     14 0x500831
 58462.245164  20.936    1.045     15     16 0x002000
 58462.253544  18.817    0.137    108     15 0x400130
 58462.260970  16.025    0.011   1413     15 0x500931
 58466.239883  17.856    0.088    262     23 0x100031
 58466.249640  14.988    0.006   3670     21 0x500931
 58466.252439  22.404    5.294      4     21 0x400330
 58466.260785  18.609    0.169    131     22 0x400220
 58466.268679  19.727    0.467     47     22 0x002000
 58466.276610 -19.687    0.487    -48     24 0x002000
 58470.233548  15.046    1.437   3479   5001 0x900002
 58470.242419 -16.390    4.821  -1009   4864 0x900002
 58472.220932  19.546    0.673     55     37 0x080010
 58472.229850  19.629    0.669     51     34 0x000000
 58472.238785 -20.468    1.596    -24     38 0x000000
 58472.247635  20.658    2.365     20     47 0x000000
 58478.227500  20.053    0.459     35     16 0xc00220
 58478.237844  15.677    0.009   1947     17 0xd00831
 58480.211007  21.448    2.160     10     21 0x400130
 58480.220916  20.604    0.799     21     17 0x081030
 58480.230813  18.976    0.182     93     17 0x000000
 58480.240745  19.236    0.258     73     19 0x080010
 58486.199734  18.528    0.721    141    102 0x100002
 58486.204872  21.225    3.022     12     36 0x002000
 58486.212389  19.376    0.300     64     19 0x400930
 58486.221274  18.891    0.183    101     18 0x500e31
 58594.634943  19.100    0.968     83     80 0x900002
 58610.626361 -20.939    4.707    -15     72 0x900002
 58616.563026 -23.625   11.000     -1     14 0x000030
 58616.565799  20.940    0.841     15     13 0x000030
 58616.571819 -21.709    1.946     -8     15 0x000030
 58616.583740 -24.893   26.500      0     11 0x000030
 58618.495126  14.731    0.005   4651     22 0x100031
 58618.497912  19.712    0.384     47     18 0x082030
 58618.503136  19.133    0.236     81     19 0x400110
 58618.512975  20.990    1.424     15     21 0x002000
 58620.594179 -20.918    1.603    -16     25 0x000030
 58620.597443  21.440    3.402     10     33 0x000030
 58620.597900 -22.649    6.000     -3     19 0x000000
 58620.605030  20.105    0.545     33     18 0x000030
 58620.611046  21.916    3.117      6     19 0x000000
 58620.611621  20.652    0.886     20     18 0x000000
 58620.616678  19.812    0.606     43     26 0x080010
 58620.618158  21.744    3.118      7     23 0x000000
 58622.537187 -22.590    7.944     -3     26 0x100001
 58622.539955  17.370    0.065    409     27 0x400430
 58622.553087  19.331    0.447     67     30 0x082010
 58622.562595  19.414    0.532     62     33 0x002000
 58626.551833  22.468    5.800      4     22 0x002000
 58626.554604  18.474    0.127    148     19 0x500831
 58626.560613  18.027    0.092    224     20 0x500b31
 58626.570342  19.102    0.216     83     18 0x400330
 58630.567919  15.837    0.008   1679     13 0x900031
 58630.570683  15.580    0.007   2129     15 0xd00831
 58630.576265  20.710    0.701     19     13 0xd00b31
 58630.586044  15.444    0.006   2413     14 0xd00831
 58634.542761  20.109    0.477     33     16 0x400130
 58634.543682  14.087    0.003   8416     23 0x500831
 58634.546050  19.306    0.264     69     18 0x180031
 58634.555508  14.959    0.004   3770     16 0x500831
 58634.556890  15.116    0.005   3264     15 0x500131
 58634.564068  19.003    0.161     91     15 0x082010
 58638.551650  14.531    0.017   5593     92 0xd00b33
 58638.555397  14.213    0.005   7492     35 0xd00831
 58638.560122  13.938    0.004   9659     41 0xd00831
 58638.562888  16.615    0.038    820     31 0xd00131
 58638.564889  17.647    0.132    317     42 0xd00831
 58638.572416  16.515    0.258    900    232 0xd00833
 58638.576183  16.898    0.123    632     78 0xd00833
 58638.583235  15.039    1.003   3502   3512 0x900002
 58642.561373  20.242    0.449     29     13 0xc00930
 58642.566144  15.429    0.005   2445     13 0xd00a31
 58642.585517  19.131    0.174     81     14 0xc00830
 58642.597315  16.584    0.014    844     12 0xd00a31
 58644.525137  26.461  120.000      0     11 0x000000
 58644.527880  22.854    4.704      3     12 0x000000
 58644.534471  21.372    1.210     10     12 0x000000
 58644.553437  20.567    0.740     22     16 0x000030
 58648.594458  20.666    0.635     20     12 0x000000
 58648.597659 -21.865    2.246     -6     15 0x080010
 58648.604748  20.416    0.668     25     16 0x080010
 58648.609782 -23.548   10.786     -1     15 0x000000
 58650.540193  22.017    4.517      6     26 0x000000
 58650.545234  20.193    0.901     30     27 0x000000
 58650.548723 -21.830    4.344     -7     29 0x400220
 58650.559545  20.833    1.506     17     25 0x000000
 58654.571480 -20.381    0.982    -26     25 0x000000
 58654.574699 -20.706    1.190    -19     23 0x000000
 58654.580738  19.670    0.450     49     22 0x000010
 58654.591995 -22.144    4.435     -5     22 0x080010
 58656.537695  21.352    1.703     10     18 0x000030
 58656.543422  15.577    0.007   2133     14 0x180011
 58656.546374 -20.652    0.941    -20     19 0x000030
 58656.557578  21.245    1.564     12     18 0x000030
 58658.510489  18.686    0.139    122     17 0x400130
 58658.513980  20.125    0.503     32     16 0x002000
 58658.519393  19.631    0.326     51     17 0x002030
 58658.530066 -14.134    3.377  -8062  27230 0x100002
 58662.508545  15.563    0.006   2162     12 0xd00831
 58662.511766  15.871    0.008   1628     12 0xd00931
 58662.517764  16.266    0.012   1131     13 0xd00831
 58662.527892  15.525    0.006   2238     14 0x900031
 58669.529579  19.427    0.245     62     15 0xc00830
 58669.532798  18.347    0.084    166     14 0xd00931
 58669.538341  19.107    0.175     83     14 0xc00330
 58669.550912  15.587    0.006   2114     13 0xd00831
 58675.468080  17.136    0.033    508     17 0x500831
 58675.471783  21.878    2.833      6     18 0x080030
 58675.477765 -21.013    1.228    -14     18 0x080010
 58675.487913  21.756    2.341      7     17 0x000030
 58676.600672  16.194    0.009   1209     11 0x900031
 58676.603043  15.679    0.006   1943     11 0x980031
 58676.609080  15.688    0.006   1927     11 0x900031
 58676.611847  15.486    0.005   2320     13 0x900031
 58678.463108  18.487    0.155    146     23 0x801030
 58678.466518  19.555    0.427     55     23 0xc00830
 58678.471981 -20.062    0.672    -34     23 0x801000
 58678.486491  19.713    0.600     47     28 0x800000
 58680.436182  21.543    2.706      9     24 0x000000
 58680.439401 -21.417    2.316    -10     23 0x000000
 58680.444548 -19.961    0.585    -38     22 0x000000
 58680.455386  20.998    1.579     14     23 0x000000
 58682.452330 -20.624    1.590    -20     32 0x002000
 58682.455290 -20.567    1.582    -22     34 0x400220
 58682.461033 -19.174    0.920    -78     72 0x100002
 58682.471777 -19.866    2.424    -41    100 0x100002
 58684.434784  20.754    0.765     18     14 0x000000
 58684.438215 -20.401    0.661    -25     17 0x000000
 58684.443935  21.342    1.646     10     17 0x000000
 58684.453726  20.975    0.993     15     15 0x080010
 58684.500187 -20.146    0.456    -32     14 0x000000
 58684.503127  19.771    0.294     45     13 0x080030
 58684.508370  22.356    3.649      4     15 0x000000
 58684.518420 -20.082    0.484    -34     16 0x000000
 58688.421087 -22.194    2.204     -5     11 0x000000
 58688.424363 -21.286    1.024    -11     11 0x000000
 58688.430854  21.084    0.887     13     12 0x000030
 58688.440589 -20.953    0.846    -15     13 0x400110
 58688.441046  16.523    0.011    893     10 0x100001
 58688.444265 -21.220    1.180    -12     14 0x000000
 58688.452254  22.772    5.484      3     16 0x080030
 58688.463954 -21.989    2.828     -6     16 0x000030
 58690.415450  16.130    0.009   1282     12 0xd00831
 58690.419466  15.974    0.007   1481     10 0xd00931
 58690.426714 -22.911    5.231     -2     13 0xc00830
 58690.440301  15.792    0.006   1751     10 0xd00a31
 58694.428953  15.798    0.008   1741     13 0xd00831
 58694.432191  15.671    0.006   1957     11 0xd00831
 58694.438186  15.886    0.008   1606     13 0xd00831
 58694.448310  16.295    0.010   1101     11 0xd00831
 58702.484544  18.551    0.101    138     14 0xc00b30
 58702.487361  16.339    0.010   1058     11 0xd00a31
 58702.492508  15.837    0.007   1680     11 0xd00b31
 58702.502373  16.007    0.008   1436     12 0xd00831
 58710.372788 -20.865    2.453    -16     40 0x000000
 58710.376008  20.095    1.220     33     41 0x000000
 58710.381531  18.897    0.420    100     42 0x000000
 58710.392614  18.957    0.531     95     50 0x400220
 58714.366748  18.527    0.167    141     24 0x400330
 58714.370430 -19.717    0.447    -47     21 0x400110
 58714.376416  20.951    1.635     15     25 0x082010
 58714.386174  18.155    0.106    198     21 0x500331
 58714.386635  19.334    0.338     67     23 0x082030
 58714.389877  19.136    0.217     80     18 0x400220
 58714.395443  18.214    0.117    188     22 0x400330
 58714.405587  18.228    0.132    186     24 0x400330
 58716.374753  15.560    0.007   2167     14 0x100001
 58716.377502  20.268    0.536     28     15 0x080030
 58716.383023  21.024    0.976     14     14 0x000000
 58716.393129 -20.427    0.648    -24     16 0x000010
 58722.454620  20.337    0.476     27     13 0x000000
 58722.457493  19.185    0.171     77     13 0x001030
 58722.462735  15.614    0.006   2062     12 0x180031
 58722.473548  20.990    0.888     15     13 0x000030
 58726.363096 -21.216    0.969    -12     12 0x000000
 58726.366319 -21.125    0.754    -13     10 0x000000
 58726.371866 -21.055    0.830    -14     11 0x000000
 58726.383475 -21.400    1.267    -10     13 0x000000
 58730.424493  17.503    0.079    362     28 0x500831
 58730.427742 -21.244    0.926    -12     11 0x080010
 58730.433328 -21.113    1.930    -13     25 0x400220
 58730.434253  21.255    1.261     11     14 0x000000
 58730.444456 -22.812    4.194     -3     11 0x000000
 58732.415380 -23.099    7.261     -2     15 0x080010
 58732.418596  20.921    1.054     16     16 0x000030
 58732.424836  20.285    0.408     28     11 0x400130
 58732.435137  22.095    2.175      5     12 0x000000
 58734.326953  18.268    0.122    179     22 0x400930
 58734.331098 -20.388    0.440    -25     11 0x000030
 58734.333877 -21.042    1.072    -14     15 0x000030
 58734.337113 -20.032    0.500    -35     18 0x000030
 58734.339419  21.908    1.772      6     11 0x000030
 58734.349578 -21.211    1.208    -12     14 0x000030
 58736.380176 -19.156    0.233    -79     18 0x801030
 58736.383088  21.043    1.355     14     19 0x800000
 58736.388312  18.439    0.120    153     18 0x801000
 58736.398379  19.651    0.426     50     21 0x800030
 58740.417563   0.000   20.292      0     28 0x000000
 58740.420816 -20.417    1.174    -25     29 0x000000
 58740.426358 -20.410    1.436    -25     36 0x000000
 58740.437510 -20.323    1.005    -27     27 0x000000
 58744.310442 -21.564    0.379     -9      3 0x500821
 58744.318741  16.650    0.568    795    452 0x100002
 58744.322406 -20.225    6.150    -30    182 0x100002
 58744.327897  20.555    4.015     22     88 0x100002
 58744.338002 -19.606    0.866    -52     45 0x002000
 58746.353899 -21.404    1.691    -10     17 0x080010
 58746.356719 -20.446    0.663    -24     16 0x400220
 58746.362900  23.522   20.125      1     28 0x000000
 58746.373537 -20.986    1.026    -15     15 0x000000
 58748.361887 -21.012    0.859    -14     12 0x002000
 58748.364894  17.611    0.743    328    244 0x100002
 58748.371201  16.042    0.008   1391     12 0x500131
 58748.381877  22.258    3.171      4     14 0x002000
 58754.314006 -21.166    0.938    -12     12 0x000000
 58754.317244 -22.046    1.867     -6     10 0x000030
 58754.323502 -24.820   25.000      0     11 0x000000
 58754.333680  20.110    0.346     33     11 0x081010
 58758.296996  22.289    2.340      4     10 0x000000
 58758.300229  21.277    1.007     11     11 0x400110
 58758.307214  21.228    0.851     12     10 0x000030
 58758.317434  21.278    0.826     11      9 0x000000
 58762.322393 -23.073    7.154     -2     15 0x000010
 58762.325663 -21.566    1.638     -9     14 0x000000
 58762.332200  21.430    1.482     10     14 0x080030
 58762.343291 -21.374    1.393    -10     14 0x000000
 58764.314379 -22.179    4.364     -5     21 0x000000
 58764.317584 -20.482    0.717    -23     17 0x000030
 58764.324111 -20.950    1.023    -15     16 0x000000
 58764.336140 -21.048    1.192    -14     16 0x000000
 58768.291356 -20.587    2.285    -21     48 0x000000
 58768.294282  20.228    1.363     29     40 0x000000
 58768.299878  20.666    1.903     20     37 0x000000
 58768.310485  19.996    1.087     36     40 0x000000
 58770.300181  20.297    0.916     28     25 0x000000
 58770.303456  21.752    3.789      7     27 0x000000
 58770.309975  19.012    0.305     90     28 0x080010
 58770.320002 -20.275    1.122    -28     32 0x000000
 58772.341174  18.440    0.139    153     21 0x002000
 58772.344907 -17.058    0.497   -546    271 0x100002
 58772.351551  20.212    0.908     30     27 0x082010
 58772.363219 -17.424    0.755   -389    294 0x100002
 58774.250217 -22.075    2.794     -5     15 0x000000
 58774.253439 -20.922    0.773    -16     12 0x000000
 58774.260406 -21.872    1.744     -6     11 0x000000
 58774.271128  20.194    0.574     30     17 0x080010
 58778.329124  22.256    3.607      4     16 0x000000
 58778.331948  19.117    0.175     82     14 0x081030
 58778.338469 -19.495    0.263    -58     15 0x400110
 58778.345027 -21.153    1.250    -12     16 0x080030
 58778.347867  23.913   14.714      1     14 0x400230
 58778.348327  15.308    0.005   2735     15 0x180011
 58778.354383 -21.116    1.273    -13     16 0x400830
 58778.364538  21.094    1.161     13     15 0x400320
 58788.274956  19.938    0.387     38     15 0x001000
 58788.278166 -20.302    0.559    -28     15 0x000000
 58788.281394  23.302    9.125      2     16 0x000000
 58788.284212 -20.782    0.840    -18     15 0x000000
 58790.237681 -21.373    1.151    -10     12 0x000000
 58790.240964 -21.778    1.854     -7     13 0x000030
 58790.246520 -22.696    5.568     -3     17 0x000030
 58790.256454  20.625    0.775     20     16 0x000030
 58792.236536  19.825    0.368     43     16 0x000000
 58792.240266  20.446    0.706     24     17 0x000000
 58792.245786 -22.171    3.083     -5     15 0x000000
 58792.257190  20.903    1.051     16     17 0x400110
 58794.288184  22.197    3.635      5     18 0x000000
 58794.291588 -22.227    2.818     -5     13 0x000000
 58794.297633 -22.174    3.586     -5     18 0x000000
 58794.308384  22.301    3.833      4     17 0x000000
 58794.321665 -21.499    1.410     -9     13 0x000030
 58794.325467  20.798    1.237     17     22 0x000030
 58794.331267 -21.993    3.051     -6     18 0x000000
 58794.341130  20.941    1.346     15     20 0x080010
 58796.273165  20.603    1.299     21     27 0x000000
 58796.276381  21.305    2.522     11     28 0x000000
 58796.282930 -24.244   32.167     -1     23 0x000000
 58796.293631  24.074   21.500      1     18 0x000000
 58800.216379  19.867    0.575     41     24 0x000000
 58800.220294  22.519    7.000      4     25 0x000000
 58800.225658  19.481    0.491     59     29 0x000000
 58800.235586  19.758    0.661     45     30 0x000000
 58802.252365  22.561    4.500      3     15 0x000000
 58802.255701  25.107   57.750      0     19 0x000000
 58802.261765 -20.692    0.916    -19     18 0x080010
 58802.272079 -19.881    0.376    -40     15 0x000000
 58810.204427  16.890    0.132    637     84 0x100002
 58810.207650  16.867    0.091    651     59 0x100002
 58810.212779  16.752    0.067    723     49 0x002000
 58810.222666  16.377    0.494   1021    505 0x500912
 58818.234167  15.437    0.024   2428     57 0xd00822
 58818.237387  15.259    0.053   2859    150 0xd00832
 58818.242935  15.458    0.037   2381     89 0xd00912
 58818.252813 -15.035    2.288  -3517   8046 0x900002
 58826.201140  15.001    0.008   3628     29 0x880030
 58826.203968  15.025    0.008   3550     28 0xc00130
 58826.209563  15.023    0.008   3555     29 0x880030
 58826.220745  15.044    0.008   3486     29 0x880030
 58828.214539  14.926    0.011   3888     42 0x000010
 58828.217756  14.914    0.010   3930     38 0x100011
 58828.223004  14.939    0.011   3842     41 0x000010
 58828.226889  14.680    0.283   4874   1381 0x100002
 58828.229848  14.924    0.015   3893     57 0x500812
 58828.233062  14.896    0.012   3997     48 0x000030
 58836.217385  14.105    0.003   8276     28 0xd00a31
 58836.217842  14.656    0.006   4985     30 0xd00911
 58836.221976  14.760    0.006   4528     28 0xc00b30
 58836.231453  14.170    0.004   7799     28 0xd00831
 58910.610803  15.099    0.007   3315     24 0x100031
 58910.614124  15.065    0.007   3420     24 0x002010
 58910.620262  15.014    0.006   3583     23 0x100011
 58910.630370  14.551    0.004   5490     22 0x180031
 58934.619069  15.080    0.327   3372   1104 0x900002
 58934.627947  15.392    0.182   2532    461 0x900002
 58934.629325  22.192   17.889      5     86 0xd00b12
 58934.633416  15.196    0.020   3031     62 0x900032
 58950.472917  15.438    0.016   2426     38 0x400810
 58950.475845  15.450    0.015   2399     37 0x082010
 58950.481259  15.377    0.012   2566     31 0x002010
 58950.492556  15.395    0.012   2523     29 0x400110
 58966.555742  15.523    0.009   2242     20 0x000030
 58966.558968  15.487    0.010   2318     23 0x000010
 58966.565423  15.517    0.010   2254     22 0x000010
 58966.577429  15.489    0.011   2315     25 0x400830
 58970.582937  14.648    0.004   5022     20 0x180011
 58970.588467  15.495    0.009   2302     20 0x080010
 58970.607871  15.498    0.009   2296     20 0x000030
 58970.615378  15.516    0.009   2257     20 0x000010
 58974.578643  15.540    0.012   2209     27 0x000010
 58974.581859  15.519    0.013   2250     28 0x080010
 58974.602269  15.575    0.012   2137     25 0x000010
 58974.609343  15.549    0.010   2190     23 0x000030
 58978.593061  15.594    0.012   2101     26 0x000010
 58978.598973  15.574    0.011   2140     24 0x080010
 58978.601789  15.566    0.013   2156     29 0x000010
 58978.613448  15.551    0.013   2186     28 0x080010
 58982.582762  15.581    0.010   2126     22 0x000010
 58982.586070  15.588    0.010   2112     22 0x000010
 58982.595040  15.587    0.011   2115     23 0x080010
 58982.604981  15.586    0.010   2116     21 0x080010
 58984.573871  15.537    0.010   2214     22 0x400110
 58984.581910  15.599    0.012   2090     26 0x080010
 58984.586025  15.575    0.011   2138     23 0x080010
 58984.609055  15.582    0.010   2124     22 0x080030
 58986.575678  15.566    0.009   2157     20 0x081030
 58986.578898  15.596    0.009   2097     18 0x080010
 58986.603051  15.599    0.010   2091     20 0x000030
 58986.606755  15.603    0.010   2084     20 0x000010
 58990.532211  15.602    0.009   2085     20 0x000010
 58990.534054  15.603    0.011   2083     23 0x000030
 58990.539065  15.626    0.010   2040     21 0x080030
 58990.544207  15.586    0.010   2117     21 0x400210
 58994.532657  15.675    0.013   1950     25 0x000010
 58994.535914  15.646    0.011   2002     22 0x080010
 58994.541930  15.641    0.011   2012     21 0x000010
 58994.546557  15.652    0.011   1992     22 0x400130
 58994.547946  15.631    0.011   2031     22 0x000010
 58994.549786  15.671    0.011   1957     21 0x400230
 58994.557068  15.656    0.010   1984     19 0x000010
 58994.569084  15.666    0.011   1967     21 0x080010
 58998.534221  15.626    0.010   2040     20 0x081030
 58998.537982  15.643    0.010   2008     20 0x400230
 58998.541735  15.661    0.010   1976     20 0x080010
 58998.542654  15.699    0.010   1907     19 0x400230
 58998.544497  15.686    0.010   1930     19 0x400130
 58998.547258  15.619    0.010   2053     20 0x400830
 58998.547718  15.691    0.011   1922     21 0x000030
 58998.553311  14.080    0.002   8471     19 0x500831
 59002.512834  15.683    0.011   1936     21 0x002010
 59002.515598  15.682    0.012   1938     23 0x400130
 59002.518360  15.698    0.011   1909     22 0x400130
 59002.529354  15.680    0.011   1940     22 0x082010
 59004.575015  15.676    0.013   1948     26 0x400210
 59004.577796  15.693    0.013   1918     26 0x082010
 59004.584809  15.681    0.014   1939     27 0x400110
 59004.594634  15.693    0.014   1917     26 0x002010
 59006.491162  15.705    0.014   1897     27 0x400210
 59006.494428  15.692    0.015   1919     28 0x002010
 59006.497193  15.672    0.013   1955     24 0x400110
 59006.508204  15.688    0.013   1927     24 0x400110
 59008.513387  15.716    0.042   1878     79 0x100002
 59008.515215  15.727    0.041   1859     76 0x100022
 59008.518419  15.723    0.024   1866     44 0x002000
 59008.524870  15.640    0.041   2014     83 0x100002
 59010.502493  15.717    0.011   1875     21 0x080030
 59010.504331  15.693    0.013   1918     24 0x000030
 59010.509861  15.718    0.011   1874     21 0x000010
 59010.514954  15.707    0.012   1893     23 0x000010
 59011.510932  15.690    0.022   1923     43 0x002000
 59011.514156  15.656    0.015   1984     30 0x400130
 59011.518311  15.702    0.014   1901     26 0x400110
 59011.523352  15.685    0.012   1931     23 0x002030
 59014.498675  15.693    0.011   1919     21 0x400130
 59014.500515  15.698    0.010   1909     20 0x400310
 59014.504263  14.559    0.003   5451     19 0x500111
 59014.511185  15.704    0.011   1898     21 0x002010
 59015.508510  15.693    0.012   1917     23 0x082010
 59015.510349  15.722    0.011   1867     20 0x400830
 59015.513131  15.715    0.012   1880     22 0x400810
 59015.518204  15.711    0.011   1886     20 0x400130
 59018.484480  15.623    0.010   2046     21 0x801010
 59018.486325  15.731    0.012   1852     22 0x880010
 59018.489544  15.782    0.012   1766     22 0x801030
 59018.495535  15.696    0.013   1913     24 0xc00110
 59026.470935  15.736    0.010   1844     18 0x082010
 59026.473242  15.731    0.011   1852     20 0x400b30
 59026.476004  14.898    0.005   3988     19 0x180031
 59026.481545  15.776    0.011   1776     19 0x400130
 59030.460711  15.806    0.013   1728     22 0x002010
 59030.463929  15.784    0.012   1763     21 0x400b30
 59030.466693  15.782    0.012   1766     20 0x082030
 59030.473138  15.785    0.011   1762     20 0x400310
 59032.439338  15.787    0.015   1758     27 0x880010
 59032.441217  15.746    0.016   1827     29 0x880010
 59032.452314  15.788    0.020   1757     35 0x800000
 59032.456442  15.732    0.015   1850     29 0x800000
 59032.458273  15.869    0.016   1630     26 0x801000
 59032.460159  15.841    0.015   1673     25 0x881030
 59034.454049  15.802    0.017   1735     29 0x400110
 59034.455889  15.790    0.019   1754     34 0x400110
 59034.459586  15.818    0.017   1710     29 0x000000
 59034.465114  15.778    0.017   1773     30 0x000010
 59034.485537  15.828    0.028   1694     48 0x000000
 59034.488753  15.769    0.024   1789     43 0x400810
 59034.523992  15.862    0.020   1642     32 0x000000
 59036.449241  15.784    0.016   1764     29 0x000000
 59036.451069  15.780    0.017   1770     30 0x000000
 59036.453828  15.785    0.015   1762     27 0x000000
 59036.458863  15.787    0.015   1758     27 0x400110
 59038.439729  15.802    0.013   1734     23 0x000010
 59038.444835  15.807    0.012   1727     21 0x400110
 59038.446675  15.815    0.014   1714     24 0x000030
 59038.465286  14.015    0.003   8994     24 0x180031
 59038.467460  15.795    0.013   1746     23 0x400210
 59038.493589  15.803    0.019   1733     32 0x400110
 59038.522106  15.862    0.016   1642     27 0x080030
 59042.426737  15.809    0.013   1724     22 0x002010
 59042.430904  15.792    0.013   1751     24 0x002010
 59042.456244  15.879    0.036   1616     59 0x100002
 59042.459035  15.800    0.029   1738     50 0x400210
 59046.415573  14.757    0.035   4541    159 0xd00833
 59046.418339  13.735    0.005  11638     56 0xd00833
 59046.422499  14.387    0.047   6386    298 0xd00833
 59046.427591  15.086    0.040   3354    133 0xd00833
 59050.458645  15.861    0.010   1643     17 0x980031
 59050.464176  14.933    0.005   3862     18 0xd00931
 59050.500057  15.809    0.011   1724     19 0xd00331
 59050.502841  14.793    0.004   4394     19 0xd00a31
 59054.439940  15.880    0.013   1614     21 0x002010
 59054.443160  15.835    0.012   1683     20 0x400330
 59054.484637  15.896    0.011   1591     17 0x400830
 59054.490172  15.213    0.006   2985     17 0x100031
 59058.429396  15.873    0.012   1625     20 0x082030
 59058.432622  15.839    0.012   1677     20 0x400130
 59058.438617  15.890    0.010   1599     16 0x400130
 59058.473114  15.858    0.013   1648     21 0x400810
 59060.411252  15.842    0.014   1673     23 0x000010
 59060.414582  15.865    0.014   1638     23 0x000010
 59060.447242  15.818    0.013   1709     22 0x000010
 59060.452813  15.844    0.014   1668     23 0x080010
 59062.430297  15.850    0.012   1660     20 0x400110
 59062.433527  15.877    0.014   1619     23 0x400110
 59062.439050  15.847    0.013   1664     22 0x400110
 59062.451019  15.886    0.013   1606     21 0x082010
 59064.401906  15.842    0.018   1672     30 0x000000
 59064.435261  15.815    0.017   1714     29 0x000000
 59064.438462  15.839    0.019   1676     32 0x000010
 59064.443970  15.873    0.020   1626     32 0x000010
 59068.440473  15.858    0.015   1648     24 0x000030
 59068.444137  15.852    0.014   1656     23 0x000010
 59068.450584  15.857    0.014   1649     24 0x000000
 59068.462071  15.847    0.014   1664     22 0x000010
 59070.403818  15.922    0.012   1553     19 0x400830
 59070.407058  15.899    0.012   1586     18 0x400830
 59070.414429  15.890    0.012   1600     19 0x400910
 59070.449519  15.913    0.013   1567     20 0x002030
 59072.399995  15.888    0.012   1603     20 0x000010
 59072.403198  15.858    0.012   1648     20 0x000010
 59072.410062  15.911    0.013   1569     21 0x000010
 59072.420181  15.824    0.013   1700     22 0x001010
 59074.425311  15.921    0.012   1555     18 0x400130
 59074.429478  15.859    0.012   1646     20 0x082030
 59074.435475  15.911    0.011   1569     17 0x400110
 59074.450777  15.883    0.012   1610     19 0x002030
 59078.373281  15.914    0.011   1565     17 0x000030
 59078.376529  15.933    0.012   1537     18 0x080030
 59078.382062  15.914    0.012   1564     18 0x000030
 59078.415912  15.932    0.011   1539     17 0x000030
 59082.400925  15.939    0.012   1528     18 0x400d30
 59082.404149  15.910    0.013   1570     21 0x082030
 59082.410141  15.924    0.011   1551     17 0x002010
 59082.420277  15.968    0.012   1488     17 0x400830
 59086.346044  15.938    0.011   1530     18 0x400110
 59086.349319  15.944    0.013   1522     19 0x082010
 59086.354841  15.926    0.014   1547     21 0x400130
 59086.387294  15.942    0.012   1524     19 0x082010
 59088.348188  15.952    0.013   1511     20 0x000010
 59088.351390  15.957    0.012   1504     18 0x000010
 59088.357336  15.928    0.013   1544     19 0x000010
 59088.367422  15.931    0.013   1540     20 0x000030
 59088.375910  15.949    0.015   1516     23 0x000030
 59088.379118  15.917    0.012   1561     19 0x000010
 59088.385553  15.910    0.013   1570     21 0x080010
 59088.420227  15.905    0.012   1577     20 0x000010
 59090.360022  15.969    0.015   1488     22 0x400110
 59090.363242  15.949    0.015   1515     22 0x002030
 59090.368771  15.994    0.014   1453     21 0x400130
 59090.380295  15.969    0.013   1487     20 0x082010
 59092.379530  15.923    0.016   1551     25 0x000010
 59092.383652  15.923    0.020   1552     31 0x000000
 59092.389150  15.950    0.020   1514     30 0x080010
 59092.400640  16.060    0.019   1368     26 0x001000
 59092.402950  15.914    0.018   1565     28 0x000000
 59094.347918  15.974    0.018   1481     26 0x000000
 59094.350678  15.969    0.019   1487     28 0x000000
 59094.356210  15.941    0.017   1526     26 0x080010
 59094.366366  15.966    0.016   1492     24 0x080010
 59096.332585  15.948    0.018   1516     27 0x000010
 59096.335802  15.942    0.017   1525     26 0x000010
 59096.341755  15.945    0.018   1521     27 0x000010
 59096.343138  16.090    0.022   1331     29 0x001000
 59096.351848  15.960    0.017   1499     26 0x000010
 59098.351646  15.997    0.013   1450     19 0x080010
 59098.354865  15.955    0.014   1507     20 0x080010
 59098.360857  15.959    0.013   1500     19 0x000030
 59098.371911  15.981    0.012   1472     17 0x080030
 59100.355648  15.904    0.012   1579     20 0x880030
 59100.359314  15.936    0.014   1533     22 0x800010
 59100.364831  15.975    0.015   1479     22 0x800030
 59100.370813  15.900    0.013   1585     21 0x880010
 59100.376317  15.982    0.014   1470     21 0xc00130
 59100.377693  15.952    0.014   1511     22 0x800010
 59100.380945  15.968    0.017   1489     26 0x880010
 59100.390692  15.928    0.018   1545     28 0xc00430
 59102.327594  15.994    0.010   1454     15 0x000030
 59102.330366  16.014    0.012   1427     18 0x000030
 59102.335896  15.994    0.010   1453     15 0x080010
 59102.346970  16.020    0.012   1419     17 0x000030
 59106.351419  15.994    0.012   1454     17 0x000000
 59106.354642  15.989    0.012   1461     18 0x080010
 59106.361109  15.982    0.011   1469     16 0x000000
 59106.371312  15.978    0.011   1475     16 0x000030
 59110.305865  16.040    0.046   1393     64 0x100002
 59110.309086  16.008    0.018   1435     26 0x002030
 59110.315536  15.568    0.162   2152    348 0x100002
 59110.326598  16.019    0.016   1420     22 0x002000
 59114.299385  14.753    0.004   4558     19 0x500111
 59114.302610  15.994    0.013   1454     19 0x000000
 59114.308143  16.024    0.013   1414     19 0x400110
 59114.318765  16.011    0.015   1431     21 0x000010
 59114.320615  16.030    0.013   1406     18 0x000000
 59114.324301  16.002    0.012   1443     17 0x000000
 59114.329855  16.007    0.014   1436     20 0x000000
 59114.340474  16.003    0.013   1441     19 0x080030
 59118.289388  15.998    0.013   1448     19 0x400230
 59118.292620  15.968    0.014   1488     21 0x001010
 59118.298170  16.010    0.015   1432     22 0x080010
 59118.304624  16.046    0.015   1386     21 0x400110
 59118.307856  16.051    0.014   1379     20 0x080010
 59118.309235  16.067    0.018   1359     25 0x080010
 59118.314787  16.056    0.016   1373     22 0x000030
 59118.324937  16.041    0.015   1392     21 0x400110
 59120.319473  16.340    0.096   1057    102 0x500832
 59120.323147  16.055    0.017   1374     24 0x000010
 59120.329135  16.012    0.018   1429     26 0x000010
 59120.339386  15.994    0.016   1453     23 0x000010
 59122.321082  16.046    0.017   1386     24 0x400210
 59122.324311  16.066    0.020   1361     28 0x080030
 59122.331251  16.067    0.021   1358     29 0x080010
 59122.341025  16.074    0.021   1350     28 0x000010
 59126.263729  15.952    0.020   1511     30 0x001000
 59126.266954  16.057    0.016   1372     22 0x000030
 59126.272491  16.047    0.016   1385     22 0x080030
 59126.284013  16.024    0.015   1414     21 0x400110
 59130.321996  16.166    0.015   1241     19 0x100031
 59130.324759  16.064    0.012   1362     17 0x080030
 59130.328447  16.058    0.013   1371     18 0x000030
 59130.332597  16.135    0.014   1276     18 0x500231
 59130.334900  16.063    0.013   1363     18 0x080030
 59130.346491  16.061    0.017   1367     23 0x000030
 59134.316252  17.332    0.755    424    320 0x500812
 59134.319115  16.039    0.027   1395     38 0x080010
 59134.324345  16.049    0.019   1381     26 0x080030
 59134.328160  15.932    0.131   1540    202 0x500812
 59134.330035  16.017    0.107   1423    153 0x500812
 59134.338594  16.105    0.025   1312     32 0x000000
 59138.305974  16.085    0.015   1336     20 0x080010
 59138.309664  16.082    0.015   1340     20 0x400130
 59138.316572  16.122    0.018   1292     23 0x000000
 59138.326696  16.117    0.018   1298     24 0x000000
 59142.228915  16.303    0.399   1094    436 0xd00912
 59142.239059  15.592    0.317   2104    668 0x900002
 59144.244019  14.309    0.340   6861   2334 0x100002
 59144.244935  15.986    0.016   1464     24 0x082030
 59144.248614  16.069    0.024   1356     32 0x082010
 59144.254128  15.899    0.016   1586     25 0x180031
 59144.265125  16.129    0.022   1284     28 0x400110
 59146.290366  16.120    0.014   1294     18 0x000000
 59146.294049  16.149    0.016   1260     20 0x000000
 59146.299576  16.134    0.015   1278     19 0x080010
 59146.310709  16.137    0.015   1274     19 0x080010
 59148.269455  16.080    0.018   1342     25 0x000000
 59148.272656  16.066    0.017   1360     24 0x080010
 59148.278152  16.062    0.017   1365     23 0x000030
 59148.289187  16.089    0.017   1332     22 0x080010
 59154.278296  16.185    0.020   1220     25 0x000000
 59154.281552  16.165    0.021   1241     26 0x000030
 59154.288026  16.173    0.021   1232     26 0x080010
 59154.298219  16.160    0.021   1247     26 0x000030
 59156.285842  16.108    0.022   1309     28 0x080010
 59156.295937  16.133    0.021   1279     26 0x000000
 59156.299606  16.098    0.022   1321     29 0x000010
 59156.305558  15.770    0.030   1786     53 0x500833
 59162.268017  16.153    0.015   1255     18 0x082030
 59162.271243  16.223    0.016   1178     19 0x400130
 59162.278157  16.239    0.017   1160     19 0x400330
 59162.289230  16.202    0.016   1200     19 0x002000
 59178.221243  16.297    0.018   1099     20 0x080010
 59178.229132  16.265    0.028   1132     32 0x080010
 59178.231899  16.308    0.020   1089     21 0x080010
 59178.242072  16.244    0.019   1155     22 0x000000
 59180.217029  16.258    0.023   1139     27 0x400110
 59180.220266  16.554    0.034    868     29 0x500831
 59180.225777  16.301    0.028   1096     30 0x002000
 59180.237258  16.235    0.021   1164     24 0x002010
 59182.189559  16.282    0.048   1115     54 0x500812
 59182.192349  16.315    0.029   1082     32 0x082010
 59182.197450  16.252    0.024   1146     28 0x082010
 59186.234394  16.349    0.019   1048     20 0x400110
 59186.238076  16.402    0.018    998     18 0x400630
 59186.243600  16.382    0.020   1016     20 0x002030
 59186.253751  16.338    0.018   1059     19 0x082030
 59188.227513  16.257    0.068   1141     77 0x900002
 59188.231202  16.137    0.019   1274     24 0xc00220
 59188.237161  14.528    0.005   5609     28 0xd00a31
 59188.247245  14.784    0.005   4431     21 0xd00831
 59212.200604  16.477    0.048    931     45 0x000000
 59212.203820  16.483    0.041    926     38 0x080010
 59212.210716  16.509    0.038    905     35 0x080010
 59212.222613  16.505    0.037    908     33 0x000000
 59304.523824  17.633    0.739    321    237 0x900002
 59304.534003  17.317    0.199    430     86 0x900002
 59310.602561  17.273    0.035    447     16 0x400110
 59310.606244  17.316    0.035    430     15 0x400220
 59310.622871  17.318    0.032    430     14 0x082030
 59310.633011  17.291    0.039    440     17 0x002030
 59328.561260  17.396    0.058    400     23 0x000000
 59328.564468  17.543    0.055    349     19 0x000000
 59328.575877  17.576    0.064    338     22 0x080010
 59328.587400  17.631    0.077    322     25 0x000000